{abias_x: 0.0, abias_y: 0.0, abias_z: 0.0, gbias_x: -0.004346461287462136, gbias_y: 0.001386431146888586,
  gbias_z: -0.017677068770870517, gyro_rate: 1000.0, rot_x: -3.0768533201217845, rot_y: 0.018601299362252074,
  rot_z: 0.00922888789448101, time_offset: 5.9889897629331355}
